-4.12335641635507
2.3301872135671
-6.87424843074973
-2.30271278196376
-2.24277563664796
5.31590618090118
-3.53366229918494
6.1286261422804
-0.965529496999002
-1.11529676294426
-3.3110744704518
-8.32442529299873
2.29870551998458
0.905524556369013
-8.25972284410006
4.08665496672888
-1.60012985604701
-2.75712807224303
-3.49895832519987
2.1865546642842
6.31536784415527
6.04100932691478
-7.60892416226018
-4.78421332488718
-3.95875466222584
-5.93018369223856
-3.38906041533589
-2.52700432359733
-3.33646307275119
2.12956288506372
11.0341722544492
-2.29668297498845
-6.54954679590152
1.39148217987495
6.73378194729065
-3.46297145426798
-2.65195285151552
2.82520474085857
1.58869649884421
8.59892104064041
13.5678502589758
0.274661850895659
-1.42979753216465
0.420661732516911
0.19700585052836
-3.54519336099467
8.71561151416912
-0.120293803188281
4.44308183815819
1.89284548924057
-1.84554052717344
-3.31002664231463
4.86833888468742
4.10763229498158
-9.1050869207007
-4.67087565970044
-2.14235337731771
2.03096724789929
1.23507640488255
-5.59071298242965
6.45054849508216
-0.723189723875511
1.12256805510667
5.5266128579103
8.0877610834825
1.37386882104878
4.60987621276942
-5.97014680778743
4.73514278836292
-14.917988890343
-9.87127011809567
-6.04232146092786
-7.42195173516649
-2.08027270473923
-7.71043606184472
-1.25190665250943
13.4078040095975
-2.6662655108374
-5.40686859717532
2.89953986683148
1.06287897071656
-4.32719491095646
-5.41453855431567
2.0213270616916
-6.06538417210066
3.25008264270597
-6.85691678720093
3.6980929286807
4.42583234854592
4.32605118574235
5.323424128131
8.0282442779111
3.1599158250032
1.47392201114884
0.600987888141187
-4.50232188849021
-5.99931405945213
-7.2998999872622
-6.56659846773217
-7.4123112742452
-0.812833882022271
-1.63883559504849
2.58430797759908
-0.692484156572746
-0.874099696059404
4.48964733142042
4.19212776747842
-1.27651109322458
2.8849171471676
-0.77272582722388
5.25915118525012
2.98159852171966
-8.10922595861587
-0.267104761674468
13.5785168270927
7.52841406309034
5.77314569811615
-4.99987262703788
-3.05160127404011
-3.86514116493705
2.78414568732072
-2.25650944862994
-4.25428837007832
2.94279034584374
2.31995756334149
0.568974560049794
-7.89960955081955
-5.30990189312959
-2.13243782323185
9.88476473067158
0.0615404882661145
11.2298451424248
-7.23939741096749
-4.83252259629802
0.959851989240108
-0.696728101109358
9.35370301278472
3.12233784476888
-8.76276326319564
-12.4957463391299
1.4256958957168
-8.24195645851593
-2.18059990061617
2.24210275696376
-6.41083380677428
-3.65714869100204
1.43238490029007
7.3674038268121
-1.19950434545751
-7.41412022498694
-1.9563019694499
9.09412757953112
4.27263891651782
-2.16950667905876
-1.70474296782144
2.83987074662115
-5.556941659496
-4.37029897582614
-1.51822837813082
-1.87061518054632
-6.17154329738294
3.32472515510255
-3.92514009618587
-0.427450465883764
1.54258685232608
1.89754079316476
-6.11871855057096
-11.2723089963838
-7.41482617218995
-7.38026969923048
-1.34192171862955
4.50766869326928
-0.076845653320192
0.284259397890088
0.201640510391607
2.90763760167157
-1.61296945305501
-3.31768291713826
3.47135159793564
2.27077619398165
-2.32594996158491
-2.66211172754499
-5.17143292438755
11.8717786162338
-0.468755956912617
-1.60066063231442
-7.39678008326421
-0.685478053116536
-1.80195378909385
-5.80944761355862
0.597386738010766
1.49905681194944
2.7595792035847
-3.5507123859977
-6.29685507305016
-0.390421814956659
1.03536519770355
3.48715669501121
-2.17277837583245
1.0127023912836
0.274977884210026
-5.97854665017448
-0.520637999249746
0.822492861528288
-6.95453529770235
-0.60308635408951
-3.55881339280631
-1.93351032312984
1.6568941876531
-2.33743816899294
6.99194725359541
0.532221504387438
-0.294466089823567
-3.05694384715445
-7.65376710601636
6.72285857110116
1.88421959118317
-0.481716453666172
-1.96701901488285
-4.23500792724475
3.99128625058664
-1.62288048902692
-7.71958905362101
-6.76853055411035
1.32393523195352
4.07089895704095
0.946645953006333
-4.01343191148737
-0.851571069444193
4.13718833306168
3.06229822026148
6.49494090967071
-11.899166384721
-4.57601405898749
9.74416045365629
-3.43673871036127
-0.244404141205386
3.7838386160907
-1.77655196384701
-13.2916946231129
-1.10395706885649
0.732277310450617
9.74677352071063
-9.28864351878374
-0.179870380272047
7.01450890212386
4.01110370722648
1.13410053500308
-0.238640956655874
-0.0299456404582731
3.59285564303849
0.456092981667296
2.35422711345828
2.94811036869273
-4.60248396724723
1.24448922791761
0.550718016411711
-1.61102089480595
-0.542871387406533
0.281102633228419
6.94626126646337
0.671245260740946
-9.14641834269103
5.74913796656513
-4.30724174941093
-0.847496621893497
-3.56904469502504
9.75711181262128
-1.50020426876959
-5.2700938119783
0.957946170860817
-0.354329744647382
1.54644126289044
-12.1076352904701
-3.83915138378492
-1.79557206648142
2.63281135573134
3.44389696884861
-4.06832082786264
1.31755737753941
-2.23673001743922
-6.66732256347351
8.72315676714071
-7.42742405974148
-6.64604491949444
4.90959354678519
3.496995849994
-1.85330101563349
-3.58273499690263
-0.895952487913694
2.26814136474868
-1.85260709864311
1.60385458575238
2.17854630900481
-6.91790718368039
-0.512934252101134
-2.12072751247942
4.86630387632053
-1.00858021044956
-4.28429652851884
4.69391280272851
17.1292496898097
-1.81715809456096
4.40699932535325
1.263847886913
-4.08513246789008
-0.564216621838997
3.8867063952804
-1.03485615280856
-7.21787020159564
-1.34318526711763
-11.9134415110689
5.56371942701645
3.76187680142292
-4.24070531421008
-3.06934946897497
2.41586377517806
-6.41848138100067
6.1175961866934
4.14553588705238
-6.58053271792612
1.02591838669742
-9.1833403645708
5.87693949727779
0.273738322071805
2.15011359502654
5.94889275259023
-1.09814144241465
4.47830777862185
-2.44689482888045
-0.3644780914765
-6.86342318135874
0.55435020603124
2.32896141150758
0.384312988088331
-4.88308131040225
2.10318532037613
-7.60556896864386
1.59450388511942
-0.594101499336203
-4.76672442428769
-3.12674592074874
3.90459642736188
6.82858634559624
0.988035223723767
3.65977827786229
2.16844357471619
4.07958114635731
8.73702916074029
-1.50501873501563
-8.42580297248204
-2.12753315080722
5.50359917949635
0.159657590363302
5.1197821414751
-10.0175872589943
-4.19263552189488
-3.52777586700695
4.93023331310775
4.66862809237535
1.9503124369016
-1.74615485271097
-2.9521297043826
9.7728828432198
8.23892427652046
0.913423230599143
-0.781922538572153
-9.44313814038374
-1.40716414491277
-1.54769364155375
8.40973993365122
-0.928557684857331
-8.84234498153749
2.25142333600806
11.2482169914665
-4.2647100861205
0.70721980623472
-4.26256680768355
1.13863493295095
0.0323230875078136
1.07604143372494
-4.23895707719895
-12.1736330840437
6.02672690683178
4.44550311678868
3.88047166411888
-4.00761047141129
10.9743006275607
-4.0657882038933
-0.640594785431136
1.410817592244
-0.33018866486321
-3.33404104425289
-1.12261741658345
12.5520944901364
-2.43762184412814
7.13917324990053
3.53767367561242
4.96534288827104
0.323786806994429
-3.94936245968215
4.55753958061014
7.14860632447588
-6.73592418874664
-0.489766432679012
13.9374770981318
-0.0262155910164791
-11.1677370732653
-2.02221281677161
1.57447480878196
4.89581996170368
-2.27271976180186
-7.62076168661641
1.35555096044564
6.80172905489182
9.77698005445849
1.04969002070024
-6.25408072027521
-0.710964529433543
4.84753001036047
-0.0238873447690705
-4.87722875923511
1.08551831948066
3.75984266372191
3.85436733526288
4.79294763746448
-1.07602699443926
9.26325737117677
12.6222223758136
-4.50305069180621
7.05540608617636
-5.15073559117771
-4.79364973264543
12.4845278690666
-4.54482880850024
3.80330257227072
-4.10766312310339
4.64998362590454
6.75879100214219
-4.88327558466349
4.6109296404176
7.4268203086706
-0.745131991811512
-1.44704522552678
-4.78160625697742
5.66647699473797
-4.71951465094769
-0.578768097188701
-11.9114085112865
-1.73366715596331
-2.52050722564401
-1.2140869889126
0.525721743935257
-7.90262215055058
0.376175969254325
-1.22507705525534
-1.14284962618729
-2.02264334921235
1.44597735279908
-1.3472283356497
-0.669346227347262
-0.441687024220815
3.63554799716302
-2.38403909170447
2.19718236021572
12.0808146014556
-0.354477720315686
-3.04661491160607
-7.27481734639403
4.8998959803859
3.2703687502767
1.6481219434958
0.910494186994026
-7.04308688099318
7.97836660297714
5.8677309445615
-2.54505885854228
-6.79553687397672
4.28567704368787
8.65809992672972
-2.43562906416084
-5.88482648111929
5.00116052318498
6.23649425083569
-1.30769436433078
-4.573714536308
2.39268931355697
-5.40152623212616
1.89520432864968
3.52408648396472
2.30019453345915
-1.98705334816164
-0.149653824124649
-1.12702412283342
-5.45883548882722
4.90038038932923
-11.6698519469455
-2.7605828485635
1.20618770267802
3.58669932330918
-0.133369045848108
-3.164860630323
5.19532268418985
-5.58079628500932
3.30750101984099
-5.79844691951929
0.659521500124892
-9.94818911539084
-2.74514764847692
2.01168217080374
3.47956930280583
-5.37140181559447
2.14343840728237
6.6037817047775
9.67757049337082
-5.37101474593921
-3.16169179691794
-1.58228752583741
8.11348588406471
-14.9020514188473
-1.24299206946204
3.90551299247307
0.144501509205449
0.268224661051948
7.27573121987697
2.95021321090935
1.47277958760988
0.00103920289791305
0.411363644022418
-9.37473493144931
3.8224964450015
4.29384932592828
-2.12994435440298
4.10643511261698
18.3592530385007
7.1605106623965
2.39753410137503
8.82836962639296
14.3134880789551
-0.4909438046877
-3.65032486687857
-0.992687896217529
3.83726501532711
6.97830635483661
4.22771258632078
-5.36092661258536
-1.9015617231409
7.03635779940635
-6.09722079898807
-2.09358380811425
2.96675529588029
2.70980473824847
5.11606676440526
2.03435903322214
-5.35420893397533
-0.936283888452997
-5.87710093068758
1.51438104288279
-0.880691243293874
-3.06814893133523
-5.71165609789556
2.21845188856211
-2.63364934860031
-6.95924803404152
4.42850610497052
0.698582110596505
-6.72462393382693
-1.80510307735723
0.495330918487077
-2.86898907544265
-5.28605625767576
0.441556958298538
-4.32533303500459
8.57768562628293
6.7149408613334
5.69721173773855
-2.2851125598792
5.58238359582865
4.52089737102849
-4.80506499415751
5.42697371979543
-1.02697044531505
0.0636180997341229
1.54841311920464
-2.65181720600262
4.2530542261704
-8.10584640719983
4.80470386142654
-0.846330537209245
2.97590515580029
-7.3187254023451
-3.63941544528086
-5.65802475939424
7.19563501984079
-0.490000082072205
3.98689856497823
-7.3017988650532
8.68423116872461
3.38288292975416
-6.61213488000886
-10.2673890051842
-7.32171793224478
8.54166564262302
10.7006880535645
-2.99533399151241
-6.4591719371266
4.1979492864865
-8.78622546371613
-4.302583323043
-6.79809761973153
-4.87635320152151
-2.42104697313103
-2.96318222619673
-1.97608236903491
3.39674730388756
8.85337762348692
-0.54388361085561
-0.803550757513228
-1.74314510257264
-8.85303086893597
-1.90333130208587
11.2070615385969
-1.44817025630501
-3.36478777788335
1.64438764597985
2.90531874626464
-5.05165593327491
1.80632230486821
4.32469553235456
8.39656418947909
1.52276222354054
3.09386774395914
-1.46503724621959
-10.0628450440625
3.41230362665916
3.46454058548266
-3.96038692209698
-3.32835100824506
-6.7478616812599
3.00725608701352
-7.83742923226301
3.33813145107782
1.69328811741863
-6.78751418017393
-7.27644895511915
1.23991851907081
-8.12589260378348
-2.77443016276117
-5.27212565164655
1.03674826489724
0.0757797342135236
1.41638245023207
-9.60932929053488
3.12627355134281
-0.441755048607104
-8.52665832723329
0.331630155326929
-5.156590953829
-1.75245949154293
-4.2818890057083
9.59939296014418
8.20190612719651
0.945358537030968
-2.24046725658573
10.1662892714072
7.10284346054256
13.2468477679034
0.148011443167956
8.24247808039413
-2.21105095538901
-4.51115743798659
10.4311109783785
2.74262658089273
-2.80429175417127
-6.62115562958531
5.35622367237881
1.68077096609444
-2.5767493220781
-2.82640898986883
-1.94530328220548
6.26206373841278
6.07289474688619
-5.39811867213535
-6.54485995479406
5.77052353809209
1.3403180138979
3.04797319069852
0.489846108044152
-7.41264075640105
-4.58964893629508
3.36743331519481
-3.62390495040982
8.66879318394171
7.19349426745575
-1.36637006864741
4.0382760015722
2.31722102758049
-2.9457152685427
4.07406301742167
2.05532403373291
2.06766192652714
3.93711742338573
0.82003958430232
-2.13932246361216
3.2161223464909
-1.68387163101074
4.7347123255354
-0.981152207768761
-11.1282393317089
3.55501028112424
-4.65549297253488
-1.97063833945586
-10.3689482755358
-7.38166628269931
7.22261320070757
3.94891604976948
-6.1047876737317
3.80711948937645
-4.81081089006789
4.16870944825953
11.4540031543742
1.09733994805033
1.00540111891521
1.32696466474461
1.3883095671617
-8.69911427364087
4.23484437976763
-6.06226386270909
-0.302048647098366
-1.36570785971347
-6.35321287106656
-6.34388191779801
4.09040166233213
-7.05638450587411
8.21994201724729
7.71258502783928
3.05412934376633
0.0812671438664751
3.47933135578474
6.17008865623269
-0.158239879053973
-2.22276034368055
5.31998405835638
0.655910607115311
4.24241907913903
7.83826916239531
6.39384217078694
2.65387375626587
-1.1197112497154
-1.41402433113139
-8.35561158433183
14.6840432230005
-3.31346684522495
-3.23657211114503
-3.07305379266345
-3.82122455657912
0.378418104725475
-3.25424489190247
-1.32937051989413
1.53000264784116
-4.70083887042517
0.123341487262637
3.10157493745679
4.93790619399998
4.91607671867276
5.64628550001765
11.3023589765169
2.01572288824072
-2.34323525712062
1.39696858982441
0.545165925686066
-0.187151047578525
-3.42797340454326
1.33458502320819
-3.91632631522139
1.80495367564805
9.66404619200912
0.00648089939631984
-1.18651407946452
3.17236016181318
7.27644614936423
-2.02704380333903
1.11066161602212
3.96306333632819
-5.16585398572801
-9.16388421202482
-4.87833304618906
-2.87675805084266
1.36405952149019
-10.7648739154864
0.152821344351441
2.58758989286693
-5.70230823154132
3.4442876727944
-4.646032538532
-1.30601227994025
-6.40610533109435
3.48109649364012
9.02382112692639
-3.31833248661283
-5.26155033151093
-3.73979787252681
3.85797903534494
-0.550775725581828
1.77371134443283
2.09142678090382
14.5845346951455
8.04125362249868
-6.59643771895896
-1.49385370036445
-0.0687934050019226
-6.33390228599523
-3.93865820795016
1.36246211909582
-1.33650237762233
6.82411138293977
8.56226320951292
3.27354630677561
-3.61233814167737
-9.0154146763905
-0.515500299200072
-1.52850799359693
8.93632163951287
-0.644626362785868
-5.00589208954165
-6.73084007677602
-5.10688408173296
-3.62928429414609
1.7443172488998
-4.33932920405896
-5.15135439101594
11.6984331261635
-2.80110412423691
-3.34143439489773
8.96017881010355
0.203375340531749
-1.56716490867994
-3.13290854834023
-3.98471169806901
11.565654164179
6.23452279126157
3.57763350462128
1.18136248932964
-6.50969567213069
-8.0429111116255
-6.72246719396795
-2.67888363189204
0.879041536692415
12.7573241403946
1.01989164032737
-0.216909628614934
3.13001937325344
-0.329119574048482
-5.85991543122352
-0.588074073061778
5.09692733729911
1.02982128992955
-3.41982838667455
-3.51295728613355
1.40736438098831
5.99726775878527
-8.17353447475475
-8.7484851013895
-1.44569939441653
-1.73403181586374
-1.12251564082913
-1.14120692595491
-1.66801736340663
-5.5207569590588
-6.57852775279799
7.75076706293972
-5.00776458746453
-1.10319178606736
3.53567234625699
-5.68008696614618
1.37358477742324
5.61226983956281
-9.30337874289518
0.583076421255403
-8.25151727454211
1.29611583539113
1.16866618591425
-4.81631401008366
-4.00802584908352
-3.25363634814586
-0.0957002767743758
-1.71155271490474
-7.11054732905886
-2.0069382218969
-0.869781233091775
7.802122461817
-0.254126198935189
7.44520907023905
8.7530476975891
3.57237851157369
2.87509581661321
-4.01582253585357
-4.76850317008357
-14.094515997915
9.45586008948127
-2.08144179731644
5.92665874590018
12.3787562083585
1.97664943452031
4.13158579335135
1.83917510962066
-3.69840436330946
2.82880293709274
-3.50641042320861
8.49164009596624
-0.774279364355156
8.89857693502634
6.78083651270838
-2.26203418640491
5.06805118082406
-2.60393065151396
-0.344089011400339
2.28064032987466
3.99436220310169
4.45776321187998
3.12628104746198
-4.61552383210352
-7.42959221655074
1.39975734317427
-3.09668258124285
-5.02364494695632
-3.66469086123912
-2.23405872471745
2.76366485414723
-5.21949727558931
3.05726037962836
-1.51398647505799
-1.7946310658557
-6.19670499787262
2.33799650580994
5.65198678933492
-3.66374555041453
3.96361689143849
-3.76683982120472
-0.140518458381498
1.43717219998259
3.90840724702342
-6.96082188472235
0.947665804714278
-4.96709750127083
5.05344772573884
0.809210910931216
3.88178925485047
2.71261173228908
-4.41965400204726
3.6488403254638
2.64110444372269
3.81942463193248
0.137197585937197
2.7608909656594
-3.29483994079668
-6.53632910039107
2.01626199930223
0.420362229197022
9.10657562919346
2.54642069640641
-2.59365443765358
-4.156214873196
-4.70079264008815
1.43178233175702
1.15217232615682
-3.23942844896631
7.33555963539477
7.88392801749805
11.9901660148158
0.0439835953168541
6.97382081080138
0.620284920736464
0.711527699803521
-5.05871954175825
-7.18751218943847
1.0162989397492
1.37307884711852
-4.34495934208856
-9.37629358873385
-0.844017648491776
-2.64524824457645
3.76480693400208
4.54753331782471
-5.65143332402771
2.20324573952143
6.91806162705004
-1.13646538600907
3.5829875795566
-5.30872106455443
-4.02497620102813
-0.0322297124397632
3.08005119824801
9.13433200133106
8.69098782502999
2.93959797246139
-6.16782755894255
-8.57574085784655
-0.253917588261456
2.56427754301378
